4
4
4
6
9
11
13
14
14
15
15
15
15
16
17
19
4
4
4
4
4
4
4
6
6
5
5
4
4
4
4
4
4
4
4
4
4
4
5
5
6
6
6
6
6
6
6
6
6
6
6
6
6
8
8
8
8
8
8
8
8
8
8
8
8
8
8
8
8
8
8
9
10
10
9
8
7
7
7
7
7
6
5
5
0
0
0
0
0
0
0
0
0
1
1
1
1
1
1
1
1
1
1
1
1
1
1
1
1
1
1
1
0
0
0
0
0
0
0
0
0
0
0
0
0
0
0
0
0
0
0
0
0
0
0
0
0
0
0
0
0
0
0
0
0
0
0
0
0
0
0
0
0
0
0
0
0
0
0
0
0
0
0
0
0
0
0
0
0
0
0
0
0
0
0
0
0
0
0
0
0
0
0
0
0
0
0
0
0
0
0
0
0
0
0
0
0
0
0
0
0
0
0
0
0
0
0
0
0
0
0
0
0
0
0
0
0
0
0
0
0
0
0
0
0
0
0
0
0
0
0
0
0
0
0
0
0
0
0
0
0
0
0
0
0
0
0
0
0
0
0
0
0
0
0
0
0
0
0
0
0
0
0
0
0
0
0
0
0
0
0
0
0
0
0
0
0
0
0
0
0
0
0
0
0
0
0
0
0
0
0
0
0
0
0
0
0
0
0
0
0
0
0
0
0
0
0
0
0
0
0
0
0
0
0
0
0
0
0
0
0
0
0
0
0
0
0
0
0
0
0
0
0
0
0
0
0
0
0
0
0
0
0
0
0
0
0
0
0
0
0
0
0
0
0
0
0
0
0
0
0
0
1
1
1
1
1
1
1
1
1
1
1
1
0
0
0
0
0
0
1
1
1
1
0
0
0
0
0
0
0
0
0
0
0
1
1
0
0
0
0
0
0
0
0
0
0
0
0
0
0
0
0
0
0
0
0
0
0
0
0
0
0
0
0
0
0
0
0
0
0
0
0
0
0
0
0
0
0
0
0
0
0
0
1
2
2
3
3
3
3
3
4
4
4
0
0
0
0
0
0
0
0
0
0
1
1
1
1
1
2
2
2
2
2
2
2
0
0
0
1
1
0
0
1
1
1
2
2
2
0
0
0
0
1
1
2
2
2
2
2
2
2
2
2
0
0
0
0
0
0
0
0
0
0
0
0
0
0
0
0
0
0
0
0
1
1
1
1
1
1
1
1
1
1
2
3
3
4
4
4
0
0
0
0
0
0
0
0
0
0
0
0
0
0
0
0
0
0
8
11
12
0
0
0
0
0
0
1
1
2
3
3
4
5
5
5
5
5
5
5
5
5
4
4
4
4
4
4
4
4
4
4
4
3
3
3
3
0
0
0
0
0
0
0
0
0
0
0
0
0
0
0
0
0
1
2
2
2
2
2
2
2
2
2
2
3
4
4
4
4
4
5
5
6
6
6
6
7
7
7
7
7
8
8
8
8
10
11
11
11
11
11
11
11
11
11
11
11
11
12
12
11
11
11
10
9
11
11
11
11
11
11
11
11
11
11
11
11
11
0
0
0
0
0
0
0
0
0
0
0
0
0
0
0
0
0
0
1
1
1
1
1
1
1
0
0
0
0
0
0
0
0
0
0
0
0
0
0
0
1
2
3
3
3
4
4
6
8
8
10
10
10
10
10
10
10
10
9
9
8
7
6
6
5
4
4
4
4
4
4
4
4
4
4
4
3
3
2
0
0
0
0
0
0
0
0
0
0
1
1
2
3
3
3
4
6
6
6
0
0
0
0
0
0
0
1
1
2
2
2
2
2
2
2
2
2
2
2
2
2
2
3
4
4
4
4
4
5
5
0
0
0
1
2
2
2
2
2
3
4
2
2
2
2
2
3
6
8
9
12
12
11
11
10
10
10
10
10
10
10
11
11
11
11
11
12
13
13
13
15
15
16
15
15
15
15
15
15
15
17
17
17
18
18
19
19
0
0
0
1
1
1
2
2
2
2
2
2
2
2
2
2
2
0
0
0
0
0
0
0
1
1
1
0
0
0
0
0
0
2
5
8
10
12
12
0
0
0
1
2
2
2
2
2
2
2
2
2
2
2
2
3
3
4
4
4
4
4
5
0
0
2
4
5
0
0
0
0
0
0
0
0
0
0
0
0
0
3
4
5
0
0
1
2
2
2
2
2
2
2
2
2
2
3
4
4
4
4
4
0
0
0
1
4
4
4
4
4
3
3
2
2
2
2
3
4
6
8
10
10
10
10
10
10
10
10
10
10
10
11
11
11
11
10
10
11
13
14
15
16
16
16
16
17
17
17
17
17
18
20
19
22
23
24
24
24
25
25
25
25
26
29
29
28
28
28
29
29
30
30
30
30
30
32
32
34
34
34
35
36
37
39
39
40
41
42
46
46
46
46
47
49
50
51
52
52
52
52
51
51
52
52
54
55
55
55
56
57
57
58
58
58
59
59
59
61
62
63
63
63
64
65
65
65
66
66
67
69
71
71
73
76
76
78
78
79
79
79
79
80
81
82
83
85
85
86
88
88
88
88
92
92
94
94
94
94
94
94
95
98
98
99
99
99
101
103
105
105
105
105
106
108
109
111
111
111
111
111
111
112
114
116
117
118
118
118
120
120
121
121
121
121
124
124
125
126
126
126
126
128
128
128
127
129
129
130
130
131
130
131
130
130
130
130
130
130
130
131
131
131
131
129
130
130
129
130
131
129
129
127
127
128
127
126
124
125
125
125
125
124
124
123
122
121
121
120
118
116
115
115
114
113
111
110
110
109
107
105
105
105
103
104
101
101
100
99
98
94
93
92
90
89
84
82
79
74
73
72
70
70
70
66
64
60
59
57
56
56
52
50
46
40
37
36
34
32
30
27
24
22
20
16
16
14
12
12
9
8
8
6
5
5
5
4
3
3
2
2
2
2
2
2
2
2
2
2
2
0
0
0
0
0
0
0
0
0
0
0
0
0
0
0
0
0
0
0
0
0
0
0
0
0
0
3
3
3
3
4
7
6
6
5
5
5
5
5
5
5
5
5
5
5
5
5
5
5
5
5
5
5
5
5
5
4
4
4
4
4
4
3
3
3
3
3
3
2
2
2
2
2
2
2
2
2
2
2
2
2
2
2
2
2
2
2
2
2
2
2
2
2
2
2
2
2
2
2
2
2
2
2
2
2
2
2
2
2
2
1
1
1
1
1
1
1
1
1
1
1
1
1
1
1
1
1
1
1
1
1
1
1
1
1
1
1
1
1
1
1
1
1
1
1
1
1
1
1
1
1
1
1
1
1
1
1
1
0
0
0
0
0
0
0
0
0
0
0
0
0
0
0
0
0
0
0
0
0
0
0
0
0
0
0
0
0
0
0
0
0
0
0
0
0
0
0
0
0
0
0
0
0
0
0
0
0
0
0
0
0
0
0
0
0
0
0
0
0
0
0
0
0
0
0
0
1
1
1
1
4
4
0
0
0
0
0
0
0
0
0
0
0
0
0
0
0
0
0
0
0
0
0
0
0
0
0
0
0
0
0
0
0
0
0
0
0
0
0
0
0
0
0
0
0
0
0
0
0
0
0
0
0
0
0
0
0
0
0
0
0
0
0
0
0
0
0
2
3
3
3
3
3
5
6
6
6
6
7
8
8
9
9
9
9
9
9
9
9
9
9
9
9
9
9
9
9
9
9
9
9
9
9
9
9
9
9
9
9
9
9
9
9
9
9
9
9
9
9
9
9
9
9
9
9
9
9
9
9
9
9
9
9
9
9
9
0
0
0
0
2
2
2
2
2
2
2
2
2
2
2
2
2
2
2
2
2
2
2
2
2
2
2
2
2
2
2
2
1
1
1
1
1
1
1
1
1
1
1
1
1
1
1
1
1
1
1
1
1
1
1
1
1
1
1
1
1
1
1
1
1
1
1
1
1
1
1
1
1
1
1
1
1
1
1
1
1
1
1
1
1
1
1
1
1
1
1
1
1
1
1
1
0
0
2
3
3
3
3
3
3
3
3
3
0
0
0
0
0
0
0
0
0
0
0
0
0
0
0
0
0
0
0
0
0
0
0
0
0
0
0
0
0
0
0
0
0
0
0
0
0
0
0
0
0
0
0
0
0
0
0
0
0
0
0
0
0
0
0
0
0
0
0
0
0
0
0
0
0
0
0
0
0
0
0
0
0
0
0
0
0
1
4
12
12
12
12
11
11
12
13
13
12
14
16
0
0
0
0
0
0
0
0
0
0
